fra;jour;n_dose1;n_complet;n_cum_dose1;n_cum_complet;couv_dose1;couv_complet
FR;2020-12-27;146;4;146;4;0.0;0.0
FR;2020-12-28;187;1;333;5;0.0;0.0
FR;2020-12-29;141;0;474;5;0.0;0.0
FR;2020-12-30;168;0;642;5;0.0;0.0
FR;2020-12-31;144;0;786;5;0.0;0.0
FR;2021-01-01;134;0;920;5;0.0;0.0
FR;2021-01-02;128;5;1048;10;0.0;0.0
FR;2021-01-03;154;0;1202;10;0.0;0.0
FR;2021-01-04;1573;9;2775;19;0.0;0.0
FR;2021-01-05;5521;22;8296;41;0.0;0.0
FR;2021-01-06;11421;51;19717;92;0.0;0.0
FR;2021-01-07;28844;89;48561;181;0.1;0.0
FR;2021-01-08;36491;123;85052;304;0.1;0.0
FR;2021-01-09;11001;24;96053;328;0.1;0.0
FR;2021-01-10;5693;13;101746;341;0.2;0.0
FR;2021-01-11;39380;134;141126;475;0.2;0.0
FR;2021-01-12;61312;209;202438;684;0.3;0.0
FR;2021-01-13;64261;270;266699;954;0.4;0.0
FR;2021-01-14;80782;804;347481;1758;0.5;0.0
FR;2021-01-15;68091;400;415572;2158;0.6;0.0
FR;2021-01-16;19863;147;435435;2305;0.6;0.0
FR;2021-01-17;10579;77;446014;2382;0.7;0.0
FR;2021-01-18;84924;447;530938;2829;0.8;0.0
FR;2021-01-19;129351;556;660289;3385;1.0;0.0
FR;2021-01-20;136109;535;796398;3920;1.2;0.0
FR;2021-01-21;156456;556;952854;4476;1.4;0.0
FR;2021-01-22;119589;518;1072443;4994;1.6;0.0
FR;2021-01-23;38025;119;1110468;5113;1.7;0.0
FR;2021-01-24;9451;47;1119919;5160;1.7;0.0
FR;2021-01-25;77309;1432;1197228;6592;1.8;0.0
FR;2021-01-26;99425;3372;1296653;9964;1.9;0.0
FR;2021-01-27;106200;5935;1402853;15899;2.1;0.0
FR;2021-01-28;123112;14775;1525965;30674;2.3;0.0
FR;2021-01-29;91329;17616;1617294;48290;2.4;0.1
FR;2021-01-30;28805;4291;1646099;52581;2.5;0.1
FR;2021-01-31;4964;1691;1651063;54272;2.5;0.1
FR;2021-02-01;51898;21201;1702961;75473;2.5;0.1
FR;2021-02-02;71190;34730;1774151;110203;2.6;0.2
FR;2021-02-03;71388;37122;1845539;147325;2.7;0.2
FR;2021-02-04;81044;50300;1926583;197625;2.9;0.3
FR;2021-02-05;67459;45501;1994042;243126;3.0;0.4
FR;2021-02-06;21598;10446;2015640;253572;3.0;0.4
FR;2021-02-07;4888;5116;2020528;258688;3.0;0.4
FR;2021-02-08;46138;46217;2066666;304905;3.1;0.5
FR;2021-02-09;65193;72954;2131859;377859;3.2;0.6
FR;2021-02-10;69734;77256;2201593;455115;3.3;0.7
FR;2021-02-11;86135;100074;2287728;555189;3.4;0.8
FR;2021-02-12;78193;75230;2365921;630419;3.5;0.9
FR;2021-02-13;21828;19683;2387749;650102;3.6;1.0
FR;2021-02-14;4663;7242;2392412;657344;3.6;1.0
FR;2021-02-15;37319;76924;2429731;734268;3.6;1.1
FR;2021-02-16;49505;101332;2479236;835600;3.7;1.2
FR;2021-02-17;49613;103429;2528849;939029;3.8;1.4
FR;2021-02-18;68637;119426;2597486;1058455;3.9;1.6
FR;2021-02-19;64249;91615;2661735;1150070;4.0;1.7
FR;2021-02-20;18141;28554;2679876;1178624;4.0;1.8
FR;2021-02-21;2952;6404;2682828;1185028;4.0;1.8
FR;2021-02-22;36762;73441;2719590;1258469;4.1;1.9
FR;2021-02-23;52947;84719;2772537;1343188;4.1;2.0
FR;2021-02-24;58654;81804;2831191;1424992;4.2;2.1
FR;2021-02-25;99407;93190;2930598;1518182;4.4;2.3
FR;2021-02-26;112358;73119;3042956;1591301;4.5;2.4
FR;2021-02-27;51495;22846;3094451;1614147;4.6;2.4
FR;2021-02-28;5792;4531;3100243;1618678;4.6;2.4
FR;2021-03-01;64184;53843;3164427;1672521;4.7;2.5
FR;2021-03-02;99991;68108;3264418;1740629;4.9;2.6
FR;2021-03-03;114638;67787;3379056;1808416;5.0;2.7
FR;2021-03-04;161807;72688;3540863;1881104;5.3;2.8
FR;2021-03-05;199149;68299;3740012;1949403;5.6;2.9
FR;2021-03-06;206543;21760;3946555;1971163;5.9;2.9
FR;2021-03-07;120420;7882;4066975;1979045;6.1;2.9
FR;2021-03-08;105681;53109;4172656;2032154;6.2;3.0
FR;2021-03-09;170824;60561;4343480;2092715;6.5;3.1
FR;2021-03-10;176909;60936;4520389;2153651;6.7;3.2
FR;2021-03-11;240865;68933;4761254;2222584;7.1;3.3
FR;2021-03-12;292854;60526;5054108;2283110;7.5;3.4
FR;2021-03-13;229831;19737;5283939;2302847;7.9;3.4
FR;2021-03-14;62599;4935;5346538;2307782;8.0;3.4
FR;2021-03-15;156912;36045;5503450;2343827;8.2;3.5
FR;2021-03-16;140084;42373;5643534;2386200;8.4;3.6
FR;2021-03-17;149018;42101;5792552;2428301;8.6;3.6
FR;2021-03-18;166074;48681;5958626;2476982;8.9;3.7
FR;2021-03-19;228213;43077;6186839;2520059;9.2;3.8
FR;2021-03-20;165476;15443;6352315;2535502;9.5;3.8
FR;2021-03-21;49113;4028;6401428;2539530;9.5;3.8
FR;2021-03-22;168283;38549;6569711;2578079;9.8;3.8
FR;2021-03-23;248388;48495;6818099;2626574;10.2;3.9
FR;2021-03-24;254924;50015;7073023;2676589;10.5;4.0
FR;2021-03-25;339757;53458;7412780;2730047;11.0;4.1
FR;2021-03-26;356941;51475;7769721;2781522;11.6;4.1
FR;2021-03-27;194102;21968;7963823;2803490;11.9;4.2
FR;2021-03-28;58704;5415;8022527;2808905;12.0;4.2
FR;2021-03-29;201567;59697;8224094;2868602;12.3;4.3
FR;2021-03-30;283525;77996;8507619;2946598;12.7;4.4
FR;2021-03-31;261092;81409;8768711;3028007;13.1;4.5
FR;2021-04-01;312215;98764;9080926;3126771;13.5;4.7
FR;2021-04-02;279444;101699;9360370;3228470;13.9;4.8
FR;2021-04-03;139866;66070;9500236;3294540;14.2;4.9
FR;2021-04-04;45169;20354;9545405;3314894;14.2;4.9
FR;2021-04-05;59306;13232;9604711;3328126;14.3;5.0
FR;2021-04-06;214886;114851;9819597;3442977;14.6;5.1
FR;2021-04-07;257773;124564;10077370;3567541;15.0;5.3
FR;2021-04-08;334910;134240;10412280;3701781;15.5;5.5
FR;2021-04-09;407470;131016;10819750;3832797;16.1;5.7
FR;2021-04-10;211223;89722;11030973;3922519;16.4;5.8
FR;2021-04-11;55269;36722;11086242;3959241;16.5;5.9
FR;2021-04-12;235113;123066;11321355;4082307;16.9;6.1
FR;2021-04-13;307132;155723;11628487;4238030;17.3;6.3
FR;2021-04-14;291536;150695;11920023;4388725;17.8;6.5
FR;2021-04-15;333769;160984;12253792;4549709;18.3;6.8
FR;2021-04-16;337198;158343;12590990;4708052;18.8;7.0
FR;2021-04-17;187439;96917;12778429;4804969;19.0;7.2
FR;2021-04-18;50803;37543;12829232;4842512;19.1;7.2
FR;2021-04-19;203763;146346;13032995;4988858;19.4;7.4
FR;2021-04-20;252013;180909;13285008;5169767;19.8;7.7
FR;2021-04-21;250875;179397;13535883;5349164;20.2;8.0
FR;2021-04-22;285134;201245;13821017;5550409;20.6;8.3
FR;2021-04-23;293704;198492;14114721;5748901;21.0;8.6
FR;2021-04-24;189034;120990;14303755;5869891;21.3;8.7
FR;2021-04-25;68724;42255;14372479;5912146;21.4;8.8
FR;2021-04-26;219097;168203;14591576;6080349;21.7;9.1
FR;2021-04-27;282324;209377;14873900;6289726;22.2;9.4
FR;2021-04-28;297331;207147;15171231;6496873;22.6;9.7
FR;2021-04-29;354561;229607;15525792;6726480;23.1;10.0
FR;2021-04-30;369771;222712;15895563;6949192;23.7;10.4
FR;2021-05-01;164866;63036;16060429;7012228;23.9;10.4
FR;2021-05-02;90582;43108;16151011;7055336;24.1;10.5
FR;2021-05-03;285551;188879;16436562;7244215;24.5;10.8
FR;2021-05-04;312389;249232;16748951;7493447;25.0;11.2
FR;2021-05-05;322654;248414;17071605;7741861;25.4;11.5
FR;2021-05-06;375580;272162;17447185;8014023;26.0;11.9
FR;2021-05-07;369599;297063;17816784;8311086;26.5;12.4
FR;2021-05-08;220183;81328;18036967;8392414;26.9;12.5
FR;2021-05-09;128697;55030;18165664;8447444;27.1;12.6
FR;2021-05-10;308571;253726;18474235;8701170;27.5;13.0
FR;2021-05-11;400388;295471;18874623;8996641;28.1;13.4
FR;2021-05-12;429774;268367;19304397;9265008;28.8;13.8
FR;2021-05-13;335270;77771;19639667;9342779;29.3;13.9
FR;2021-05-14;450171;202249;20089838;9545028;29.9;14.2
FR;2021-05-15;371178;119719;20461016;9664747;30.5;14.4
FR;2021-05-16;201198;33927;20662214;9698674;30.8;14.5
FR;2021-05-17;372900;178519;21035114;9877193;31.3;14.7
FR;2021-05-18;455502;191750;21490616;10068943;32.0;15.0
FR;2021-05-19;463678;182270;21954294;10251213;32.7;15.3
FR;2021-05-20;503028;203850;22457322;10455063;33.5;15.6
FR;2021-05-21;485862;220536;22943184;10675599;34.2;15.9
FR;2021-05-22;344968;107794;23288152;10783393;34.7;16.1
FR;2021-05-23;160547;26679;23448699;10810072;34.9;16.1
FR;2021-05-24;261076;52793;23709775;10862865;35.3;16.2
FR;2021-05-25;396630;225618;24106405;11088483;35.9;16.5
FR;2021-05-26;409915;225741;24516320;11314224;36.5;16.9
FR;2021-05-27;446276;265383;24962596;11579607;37.2;17.3
FR;2021-05-28;426367;317049;25388963;11896656;37.8;17.7
FR;2021-05-29;297200;181694;25686163;12078350;38.3;18.0
FR;2021-05-30;105989;41963;25792152;12120313;38.4;18.1
FR;2021-05-31;355259;241273;26147411;12361586;39.0;18.4
FR;2021-06-01;421102;302231;26568513;12663817;39.6;18.9
FR;2021-06-02;410955;277303;26979468;12941120;40.2;19.3
FR;2021-06-03;457322;312348;27436790;13253468;40.9;19.7
FR;2021-06-04;450554;361101;27887344;13614569;41.6;20.3
FR;2021-06-05;301848;221501;28189192;13836070;42.0;20.6
FR;2021-06-06;131084;60881;28320276;13896951;42.2;20.7
FR;2021-06-07;333785;298724;28654061;14195675;42.7;21.2
FR;2021-06-08;389050;336946;29043111;14532621;43.3;21.7
FR;2021-06-09;379103;319335;29422214;14851956;43.8;22.1
FR;2021-06-10;396906;337728;29819120;15189684;44.4;22.6
FR;2021-06-11;382648;406755;30201768;15596439;45.0;23.2
FR;2021-06-12;280790;242745;30482558;15839184;45.4;23.6
FR;2021-06-13;103585;84718;30586143;15923902;45.6;23.7
FR;2021-06-14;236303;384412;30822446;16308314;45.9;24.3
FR;2021-06-15;301066;423744;31123512;16732058;46.4;24.9
FR;2021-06-16;309147;394622;31432659;17126680;46.8;25.5
FR;2021-06-17;313017;412353;31745676;17539033;47.3;26.1
FR;2021-06-18;316346;484941;32062022;18023974;47.8;26.9
FR;2021-06-19;222545;300385;32284567;18324359;48.1;27.3
FR;2021-06-20;72048;111389;32356615;18435748;48.2;27.5
FR;2021-06-21;191173;427228;32547788;18862976;48.5;28.1
FR;2021-06-22;219247;499148;32767035;19362124;48.8;28.8
FR;2021-06-23;229656;473307;32996691;19835431;49.2;29.6
FR;2021-06-24;237894;446019;33234585;20281450;49.5;30.2
FR;2021-06-25;222744;560483;33457329;20841933;49.9;31.1
FR;2021-06-26;151197;395004;33608526;21236937;50.1;31.6
FR;2021-06-27;54840;164978;33663366;21401915;50.2;31.9
FR;2021-06-28;151137;478191;33814503;21880106;50.4;32.6
FR;2021-06-29;178912;537036;33993415;22417142;50.6;33.4
FR;2021-06-30;198359;515503;34191774;22932645;50.9;34.2
FR;2021-07-01;214274;497520;34406048;23430165;51.3;34.9
FR;2021-07-02;211524;562949;34617572;23993114;51.6;35.7
FR;2021-07-03;138430;395303;34756002;24388417;51.8;36.3
FR;2021-07-04;55223;150876;34811225;24539293;51.9;36.6
FR;2021-07-05;158550;449941;34969775;24989234;52.1;37.2
FR;2021-07-06;188322;512163;35158097;25501397;52.4;38.0
FR;2021-07-07;202844;478037;35360941;25979434;52.7;38.7
FR;2021-07-08;224256;468374;35585197;26447808;53.0;39.4
FR;2021-07-09;218080;556468;35803277;27004276;53.3;40.2
FR;2021-07-10;144094;368562;35947371;27372838;53.6;40.8
FR;2021-07-11;58556;120911;36005927;27493749;53.6;41.0
FR;2021-07-12;161090;513381;36167017;28007130;53.9;41.7
FR;2021-07-13;278961;586522;36445978;28593652;54.3;42.6
FR;2021-07-14;175575;186200;36621553;28779852;54.6;42.9
FR;2021-07-15;337139;571781;36958692;29351633;55.1;43.7
FR;2021-07-16;369847;574377;37328539;29926010;55.6;44.6
FR;2021-07-17;254310;367901;37582849;30293911;56.0;45.1
FR;2021-07-18;107828;132881;37690677;30426792;56.2;45.3
FR;2021-07-19;277602;479635;37968279;30906427;56.6;46.0
FR;2021-07-20;368294;524067;38336573;31430494;57.1;46.8
FR;2021-07-21;387554;481371;38724127;31911865;57.7;47.5
FR;2021-07-22;432058;470594;39156185;32382459;58.3;48.2
FR;2021-07-23;429623;508519;39585808;32890978;59.0;49.0
FR;2021-07-24;280729;320732;39866537;33211710;59.4;49.5
FR;2021-07-25;118963;99554;39985500;33311264;59.6;49.6
FR;2021-07-26;339351;384307;40324851;33695571;60.1;50.2
FR;2021-07-27;452557;398558;40777408;34094129;60.8;50.8
FR;2021-07-28;447316;364489;41224724;34458618;61.4;51.3
FR;2021-07-29;478239;353822;41702963;34812440;62.1;51.9
FR;2021-07-30;446806;376902;42149769;35189342;62.8;52.4
FR;2021-07-31;277243;228110;42427012;35417452;63.2;52.8
FR;2021-08-01;106088;64087;42533100;35481539;63.4;52.9
