fra;jour;n_dose1;n_complet;n_cum_dose1;n_cum_complet;couv_dose1;couv_complet
FR;2020-12-27;413;51;413;51;0.0;0.0
FR;2020-12-28;428;39;841;90;0.0;0.0
FR;2020-12-29;273;17;1114;107;0.0;0.0
FR;2020-12-30;328;16;1442;123;0.0;0.0
FR;2020-12-31;256;19;1698;142;0.0;0.0
FR;2021-01-01;305;35;2003;177;0.0;0.0
FR;2021-01-02;249;29;2252;206;0.0;0.0
FR;2021-01-03;279;28;2531;234;0.0;0.0
FR;2021-01-04;1781;47;4312;281;0.0;0.0
FR;2021-01-05;5718;68;10030;349;0.0;0.0
FR;2021-01-06;11630;104;21660;453;0.0;0.0
FR;2021-01-07;29085;142;50745;595;0.1;0.0
FR;2021-01-08;36744;193;87489;788;0.1;0.0
FR;2021-01-09;11084;67;98573;855;0.1;0.0
FR;2021-01-10;5771;23;104344;878;0.2;0.0
FR;2021-01-11;39642;216;143986;1094;0.2;0.0
FR;2021-01-12;61681;313;205667;1407;0.3;0.0
FR;2021-01-13;64642;415;270309;1822;0.4;0.0
FR;2021-01-14;82084;1192;352393;3014;0.5;0.0
FR;2021-01-15;68533;578;420926;3592;0.6;0.0
FR;2021-01-16;20042;204;440968;3796;0.7;0.0
FR;2021-01-17;10826;130;451794;3926;0.7;0.0
FR;2021-01-18;85439;610;537233;4536;0.8;0.0
FR;2021-01-19;130105;844;667338;5380;1.0;0.0
FR;2021-01-20;137049;867;804387;6247;1.2;0.0
FR;2021-01-21;157632;970;962019;7217;1.4;0.0
FR;2021-01-22;120496;792;1082515;8009;1.6;0.0
FR;2021-01-23;38277;197;1120792;8206;1.7;0.0
FR;2021-01-24;9616;86;1130408;8292;1.7;0.0
FR;2021-01-25;77791;1527;1208199;9819;1.8;0.0
FR;2021-01-26;99980;3569;1308179;13388;1.9;0.0
FR;2021-01-27;106884;6302;1415063;19690;2.1;0.0
FR;2021-01-28;123900;15074;1538963;34764;2.3;0.1
FR;2021-01-29;91785;17701;1630748;52465;2.4;0.1
FR;2021-01-30;28955;4277;1659703;56742;2.5;0.1
FR;2021-01-31;5094;1693;1664797;58435;2.5;0.1
FR;2021-02-01;52301;21189;1717098;79624;2.6;0.1
FR;2021-02-02;71713;34786;1788811;114410;2.7;0.2
FR;2021-02-03;71844;37163;1860655;151573;2.8;0.2
FR;2021-02-04;81518;50307;1942173;201880;2.9;0.3
FR;2021-02-05;67840;45385;2010013;247265;3.0;0.4
FR;2021-02-06;22209;10517;2032222;257782;3.0;0.4
FR;2021-02-07;5038;5112;2037260;262894;3.0;0.4
FR;2021-02-08;46402;46007;2083662;308901;3.1;0.5
FR;2021-02-09;65575;72880;2149237;381781;3.2;0.6
FR;2021-02-10;70267;77210;2219504;458991;3.3;0.7
FR;2021-02-11;86656;100047;2306160;559038;3.4;0.8
FR;2021-02-12;78614;75189;2384774;634227;3.6;0.9
FR;2021-02-13;22035;19586;2406809;653813;3.6;1.0
FR;2021-02-14;4844;7232;2411653;661045;3.6;1.0
FR;2021-02-15;37574;76462;2449227;737507;3.6;1.1
FR;2021-02-16;49809;100799;2499036;838306;3.7;1.2
FR;2021-02-17;49949;103017;2548985;941323;3.8;1.4
FR;2021-02-18;69073;119027;2618058;1060350;3.9;1.6
FR;2021-02-19;64553;91360;2682611;1151710;4.0;1.7
FR;2021-02-20;18298;28425;2700909;1180135;4.0;1.8
FR;2021-02-21;3118;6406;2704027;1186541;4.0;1.8
FR;2021-02-22;37035;73094;2741062;1259635;4.1;1.9
FR;2021-02-23;53257;84552;2794319;1344187;4.2;2.0
FR;2021-02-24;59276;81738;2853595;1425925;4.3;2.1
FR;2021-02-25;99882;93190;2953477;1519115;4.4;2.3
FR;2021-02-26;112761;73276;3066238;1592391;4.6;2.4
FR;2021-02-27;51733;22980;3117971;1615371;4.6;2.4
FR;2021-02-28;5958;4569;3123929;1619940;4.7;2.4
FR;2021-03-01;64671;53996;3188600;1673936;4.8;2.5
FR;2021-03-02;100498;68561;3289098;1742497;4.9;2.6
FR;2021-03-03;115309;68279;3404407;1810776;5.1;2.7
FR;2021-03-04;162546;73604;3566953;1884380;5.3;2.8
FR;2021-03-05;199751;69345;3766704;1953725;5.6;2.9
FR;2021-03-06;207105;22898;3973809;1976623;5.9;2.9
FR;2021-03-07;120745;8649;4094554;1985272;6.1;3.0
FR;2021-03-08;106242;53714;4200796;2038986;6.3;3.0
FR;2021-03-09;171488;61541;4372284;2100527;6.5;3.1
FR;2021-03-10;177597;62161;4549881;2162688;6.8;3.2
FR;2021-03-11;241578;70477;4791459;2233165;7.1;3.3
FR;2021-03-12;293548;62324;5085007;2295489;7.6;3.4
FR;2021-03-13;230375;21029;5315382;2316518;7.9;3.5
FR;2021-03-14;62892;5417;5378274;2321935;8.0;3.5
FR;2021-03-15;157477;36886;5535751;2358821;8.2;3.5
FR;2021-03-16;140610;43161;5676361;2401982;8.5;3.6
FR;2021-03-17;149551;43019;5825912;2445001;8.7;3.6
FR;2021-03-18;166749;49551;5992661;2494552;8.9;3.7
FR;2021-03-19;228869;44255;6221530;2538807;9.3;3.8
FR;2021-03-20;165933;16250;6387463;2555057;9.5;3.8
FR;2021-03-21;49419;4320;6436882;2559377;9.6;3.8
FR;2021-03-22;168870;39381;6605752;2598758;9.8;3.9
FR;2021-03-23;249038;49612;6854790;2648370;10.2;3.9
FR;2021-03-24;255602;51139;7110392;2699509;10.6;4.0
FR;2021-03-25;340500;55165;7450892;2754674;11.1;4.1
FR;2021-03-26;357564;53013;7808456;2807687;11.6;4.2
FR;2021-03-27;194516;22902;8002972;2830589;11.9;4.2
FR;2021-03-28;58914;5722;8061886;2836311;12.0;4.2
FR;2021-03-29;202029;60489;8263915;2896800;12.3;4.3
FR;2021-03-30;284118;79292;8548033;2976092;12.7;4.4
FR;2021-03-31;261732;82821;8809765;3058913;13.1;4.6
FR;2021-04-01;313189;100551;9122954;3159464;13.6;4.7
FR;2021-04-02;279998;103067;9402952;3262531;14.0;4.9
FR;2021-04-03;140208;66654;9543160;3329185;14.2;5.0
FR;2021-04-04;45400;20579;9588560;3349764;14.3;5.0
FR;2021-04-05;59712;13539;9648272;3363303;14.4;5.0
FR;2021-04-06;215579;115773;9863851;3479076;14.7;5.2
FR;2021-04-07;258395;125808;10122246;3604884;15.1;5.4
FR;2021-04-08;335736;135900;10457982;3740784;15.6;5.6
FR;2021-04-09;408233;133027;10866215;3873811;16.2;5.8
FR;2021-04-10;211578;90663;11077793;3964474;16.5;5.9
FR;2021-04-11;55513;36977;11133306;4001451;16.6;6.0
FR;2021-04-12;235562;123990;11368868;4125441;16.9;6.1
FR;2021-04-13;307734;156913;11676602;4282354;17.4;6.4
FR;2021-04-14;292210;151960;11968812;4434314;17.8;6.6
FR;2021-04-15;334508;162573;12303320;4596887;18.3;6.8
FR;2021-04-16;337721;159670;12641041;4756557;18.8;7.1
FR;2021-04-17;187702;97491;12828743;4854048;19.1;7.2
FR;2021-04-18;51010;37728;12879753;4891776;19.2;7.3
FR;2021-04-19;204175;146947;13083928;5038723;19.5;7.5
FR;2021-04-20;252459;181804;13336387;5220527;19.9;7.8
FR;2021-04-21;251325;180292;13587712;5400819;20.2;8.0
FR;2021-04-22;285675;202367;13873387;5603186;20.7;8.3
FR;2021-04-23;295369;200922;14168756;5804108;21.1;8.6
FR;2021-04-24;189330;121672;14358086;5925780;21.4;8.8
FR;2021-04-25;68924;42477;14427010;5968257;21.5;8.9
FR;2021-04-26;219544;168906;14646554;6137163;21.8;9.1
FR;2021-04-27;282786;210423;14929340;6347586;22.2;9.5
FR;2021-04-28;297784;208335;15227124;6555921;22.7;9.8
FR;2021-04-29;355114;231145;15582238;6787066;23.2;10.1
FR;2021-04-30;370272;224015;15952510;7011081;23.8;10.4
FR;2021-05-01;165141;63612;16117651;7074693;24.0;10.5
FR;2021-05-02;90785;43400;16208436;7118093;24.2;10.6
FR;2021-05-03;285934;189753;16494370;7307846;24.6;10.9
FR;2021-05-04;312693;250213;16807063;7558059;25.0;11.3
FR;2021-05-05;323132;249275;17130195;7807334;25.5;11.6
FR;2021-05-06;375996;273319;17506191;8080653;26.1;12.0
FR;2021-05-07;370046;297908;17876237;8378561;26.6;12.5
FR;2021-05-08;220690;81883;18096927;8460444;27.0;12.6
FR;2021-05-09;128876;55255;18225803;8515699;27.2;12.7
FR;2021-05-10;308963;254363;18534766;8770062;27.6;13.1
FR;2021-05-11;400729;296265;18935495;9066327;28.2;13.5
FR;2021-05-12;430339;269145;19365834;9335472;28.9;13.9
FR;2021-05-13;335663;78208;19701497;9413680;29.4;14.0
FR;2021-05-14;450589;202829;20152086;9616509;30.0;14.3
FR;2021-05-15;371597;120133;20523683;9736642;30.6;14.5
FR;2021-05-16;201417;34110;20725100;9770752;30.9;14.6
FR;2021-05-17;373233;178894;21098333;9949646;31.4;14.8
FR;2021-05-18;456000;192404;21554333;10142050;32.1;15.1
FR;2021-05-19;464174;182880;22018507;10324930;32.8;15.4
FR;2021-05-20;503674;204435;22522181;10529365;33.6;15.7
FR;2021-05-21;486292;220996;23008473;10750361;34.3;16.0
FR;2021-05-22;345115;108050;23353588;10858411;34.8;16.2
FR;2021-05-23;160675;26871;23514263;10885282;35.0;16.2
FR;2021-05-24;261350;52988;23775613;10938270;35.4;16.3
FR;2021-05-25;397038;225968;24172651;11164238;36.0;16.6
FR;2021-05-26;410412;226323;24583063;11390561;36.6;17.0
FR;2021-05-27;446676;265798;25029739;11656359;37.3;17.4
FR;2021-05-28;426715;317419;25456454;11973778;37.9;17.8
FR;2021-05-29;297403;181898;25753857;12155676;38.4;18.1
FR;2021-05-30;106125;42037;25859982;12197713;38.5;18.2
FR;2021-05-31;355532;241494;26215514;12439207;39.1;18.5
FR;2021-06-01;422154;302706;26637668;12741913;39.7;19.0
FR;2021-06-02;412213;277855;27049881;13019768;40.3;19.4
FR;2021-06-03;458060;312747;27507941;13332515;41.0;19.9
FR;2021-06-04;451337;361493;27959278;13694008;41.7;20.4
FR;2021-06-05;302134;221734;28261412;13915742;42.1;20.7
FR;2021-06-06;131336;61014;28392748;13976756;42.3;20.8
FR;2021-06-07;334257;298992;28727005;14275748;42.8;21.3
FR;2021-06-08;389560;337491;29116565;14613239;43.4;21.8
FR;2021-06-09;380219;319873;29496784;14933112;43.9;22.3
FR;2021-06-10;398026;338351;29894810;15271463;44.5;22.8
FR;2021-06-11;383481;407086;30278291;15678549;45.1;23.4
FR;2021-06-12;281029;243066;30559320;15921615;45.5;23.7
FR;2021-06-13;103762;84869;30663082;16006484;45.7;23.8
FR;2021-06-14;237862;384448;30900944;16390932;46.0;24.4
FR;2021-06-15;304374;424089;31205318;16815021;46.5;25.1
FR;2021-06-16;310422;395015;31515740;17210036;47.0;25.6
FR;2021-06-17;314268;412756;31830008;17622792;47.4;26.3
FR;2021-06-18;318888;485366;32148896;18108158;47.9;27.0
FR;2021-06-19;222928;300651;32371824;18408809;48.2;27.4
FR;2021-06-20;73206;111464;32445030;18520273;48.3;27.6
FR;2021-06-21;193074;427404;32638104;18947677;48.6;28.2
FR;2021-06-22;220579;499348;32858683;19447025;49.0;29.0
FR;2021-06-23;231157;473590;33089840;19920615;49.3;29.7
FR;2021-06-24;239237;446395;33329077;20367010;49.7;30.3
FR;2021-06-25;224372;560807;33553449;20927817;50.0;31.2
FR;2021-06-26;151694;395155;33705143;21322972;50.2;31.8
FR;2021-06-27;55073;165021;33760216;21487993;50.3;32.0
FR;2021-06-28;152626;478342;33912842;21966335;50.5;32.7
FR;2021-06-29;180684;537425;34093526;22503760;50.8;33.5
FR;2021-06-30;201544;515883;34295070;23019643;51.1;34.3
FR;2021-07-01;224862;498091;34519932;23517734;51.4;35.0
FR;2021-07-02;223136;563304;34743068;24081038;51.8;35.9
FR;2021-07-03;140108;395425;34883176;24476463;52.0;36.5
FR;2021-07-04;55790;150959;34938966;24627422;52.1;36.7
FR;2021-07-05;164437;449821;35103403;25077243;52.3;37.4
FR;2021-07-06;193548;512037;35296951;25589280;52.6;38.1
FR;2021-07-07;208828;478141;35505779;26067421;52.9;38.8
FR;2021-07-08;228395;468565;35734174;26535986;53.2;39.5
FR;2021-07-09;226013;556685;35960187;27092671;53.6;40.4
FR;2021-07-10;146741;368738;36106928;27461409;53.8;40.9
FR;2021-07-11;59259;121022;36166187;27582431;53.9;41.1
FR;2021-07-12;166485;513451;36332672;28095882;54.1;41.9
FR;2021-07-13;284694;587170;36617366;28683052;54.6;42.7
FR;2021-07-14;178821;186952;36796187;28870004;54.8;43.0
FR;2021-07-15;343923;572722;37140110;29442726;55.3;43.9
FR;2021-07-16;377450;575537;37517560;30018263;55.9;44.7
FR;2021-07-17;258195;368921;37775755;30387184;56.3;45.3
FR;2021-07-18;108872;133421;37884627;30520605;56.4;45.5
FR;2021-07-19;283288;480417;38167915;31001022;56.9;46.2
FR;2021-07-20;374348;525337;38542263;31526359;57.4;47.0
FR;2021-07-21;393231;483128;38935494;32009487;58.0;47.7
FR;2021-07-22;438234;472769;39373728;32482256;58.7;48.4
FR;2021-07-23;436375;510759;39810103;32993015;59.3;49.2
FR;2021-07-24;284178;322349;40094281;33315364;59.7;49.6
FR;2021-07-25;120224;100347;40214505;33415711;59.9;49.8
FR;2021-07-26;345531;386142;40560036;33801853;60.4;50.4
FR;2021-07-27;461262;401362;41021298;34203215;61.1;51.0
FR;2021-07-28;456625;367423;41477923;34570638;61.8;51.5
FR;2021-07-29;486947;357344;41964870;34927982;62.5;52.0
FR;2021-07-30;459094;381195;42423964;35309177;63.2;52.6
FR;2021-07-31;284273;231279;42708237;35540456;63.6;53.0
FR;2021-08-01;109632;65590;42817869;35606046;63.8;53.1
FR;2021-08-02;335342;284791;43153211;35890837;64.3;53.5
FR;2021-08-03;393634;305088;43546845;36195925;64.9;53.9
FR;2021-08-04;381429;265860;43928274;36461785;65.5;54.3
FR;2021-08-05;362806;281745;44291080;36743530;66.0;54.7
FR;2021-08-06;356725;327191;44647805;37070721;66.5;55.2
FR;2021-08-07;211223;209817;44859028;37280538;66.8;55.5
FR;2021-08-08;72596;73508;44931624;37354046;66.9;55.7
FR;2021-08-09;256071;298459;45187695;37652505;67.3;56.1
FR;2021-08-10;302882;324778;45490577;37977283;67.8;56.6
FR;2021-08-11;276595;302562;45767172;38279845;68.2;57.0
FR;2021-08-12;268752;320653;46035924;38600498;68.6;57.5
FR;2021-08-13;249847;314174;46285771;38914672;69.0;58.0
FR;2021-08-14;144091;219864;46429862;39134536;69.2;58.3
FR;2021-08-15;37632;55574;46467494;39190110;69.2;58.4
FR;2021-08-16;184003;346588;46651497;39536698;69.5;58.9
FR;2021-08-17;213059;370175;46864556;39906873;69.8;59.5
FR;2021-08-18;196678;355253;47061234;40262126;70.1;60.0
FR;2021-08-19;189981;356276;47251215;40618402;70.4;60.5
FR;2021-08-20;183766;395852;47434981;41014254;70.7;61.1
FR;2021-08-21;103777;254504;47538758;41268758;70.8;61.5
FR;2021-08-22;31460;92152;47570218;41360910;70.9;61.6
FR;2021-08-23;139380;379974;47709598;41740884;71.1;62.2
FR;2021-08-24;160839;403673;47870437;42144557;71.3;62.8
FR;2021-08-25;149116;376151;48019553;42520708;71.5;63.4
FR;2021-08-26;141074;368253;48160627;42888961;71.8;63.9
FR;2021-08-27;146422;415273;48307049;43304234;72.0;64.5
FR;2021-08-28;89715;265523;48396764;43569757;72.1;64.9
FR;2021-08-29;26867;88344;48423631;43658101;72.2;65.0
FR;2021-08-30;115754;341794;48539385;43999895;72.3;65.6
FR;2021-08-31;127460;353507;48666845;44353402;72.5;66.1
FR;2021-09-01;121947;301616;48788792;44655018;72.7;66.5
FR;2021-09-02;103637;261833;48892429;44916851;72.8;66.9
FR;2021-09-03;113450;308940;49005879;45225791;73.0;67.4
FR;2021-09-04;87932;230233;49093811;45456024;73.1;67.7
FR;2021-09-05;20788;48326;49114599;45504350;73.2;67.8
FR;2021-09-06;69502;190775;49184101;45695125;73.3;68.1
FR;2021-09-07;73694;191004;49257795;45886129;73.4;68.4
FR;2021-09-08;84121;216513;49341916;46102642;73.5;68.7
FR;2021-09-09;71248;173720;49413164;46276362;73.6;69.0
FR;2021-09-10;89659;214375;49502823;46490737;73.8;69.3
FR;2021-09-11;64360;177804;49567183;46668541;73.9;69.5
FR;2021-09-12;12219;34097;49579402;46702638;73.9;69.6
FR;2021-09-13;57982;134116;49637384;46836754;74.0;69.8
FR;2021-09-14;69306;135685;49706690;46972439;74.1;70.0
FR;2021-09-15;71430;174031;49778120;47146470;74.2;70.2
FR;2021-09-16;60107;116857;49838227;47263327;74.3;70.4
FR;2021-09-17;71376;158918;49909603;47422245;74.4;70.7
FR;2021-09-18;46057;143712;49955660;47565957;74.4;70.9
FR;2021-09-19;7362;24904;49963022;47590861;74.4;70.9
FR;2021-09-20;39944;95810;50002966;47686671;74.5;71.1
FR;2021-09-21;43338;98162;50046304;47784833;74.6;71.2
FR;2021-09-22;45628;143369;50091932;47928202;74.6;71.4
FR;2021-09-23;40792;89573;50132724;48017775;74.7;71.5
FR;2021-09-24;49685;130521;50182409;48148296;74.8;71.7
FR;2021-09-25;32647;117677;50215056;48265973;74.8;71.9
FR;2021-09-26;5064;18577;50220120;48284550;74.8;71.9
FR;2021-09-27;31888;78184;50252008;48362734;74.9;72.1
FR;2021-09-28;34478;73221;50286486;48435955;74.9;72.2
FR;2021-09-29;42167;102022;50328653;48537977;75.0;72.3
FR;2021-09-30;33921;68594;50362574;48606571;75.0;72.4
FR;2021-10-01;45014;96825;50407588;48703396;75.1;72.6
FR;2021-10-02;35089;80712;50442677;48784108;75.2;72.7
FR;2021-10-03;4748;11267;50447425;48795375;75.2;72.7
FR;2021-10-04;27454;58167;50474879;48853542;75.2;72.8
FR;2021-10-05;28623;61253;50503502;48914795;75.2;72.9
FR;2021-10-06;38258;79073;50541760;48993868;75.3;73.0
FR;2021-10-07;27632;58187;50569392;49052055;75.3;73.1
FR;2021-10-08;42880;88469;50612272;49140524;75.4;73.2
FR;2021-10-09;31712;63135;50643984;49203659;75.5;73.3
FR;2021-10-10;3714;7410;50647698;49211069;75.5;73.3
FR;2021-10-11;26219;49437;50673917;49260506;75.5;73.4
