fra;jour;n_dose1;n_complet;n_cum_dose1;n_cum_complet;couv_dose1;couv_complet
FR;2020-12-27;407;51;407;51;0.0;0.0
FR;2020-12-28;427;39;834;90;0.0;0.0
FR;2020-12-29;271;17;1105;107;0.0;0.0
FR;2020-12-30;328;16;1433;123;0.0;0.0
FR;2020-12-31;256;19;1689;142;0.0;0.0
FR;2021-01-01;304;35;1993;177;0.0;0.0
FR;2021-01-02;249;29;2242;206;0.0;0.0
FR;2021-01-03;279;28;2521;234;0.0;0.0
FR;2021-01-04;1776;47;4297;281;0.0;0.0
FR;2021-01-05;5718;68;10015;349;0.0;0.0
FR;2021-01-06;11624;103;21639;452;0.0;0.0
FR;2021-01-07;29081;142;50720;594;0.1;0.0
FR;2021-01-08;36743;193;87463;787;0.1;0.0
FR;2021-01-09;11082;67;98545;854;0.1;0.0
FR;2021-01-10;5770;23;104315;877;0.2;0.0
FR;2021-01-11;39642;217;143957;1094;0.2;0.0
FR;2021-01-12;61678;313;205635;1407;0.3;0.0
FR;2021-01-13;64641;416;270276;1823;0.4;0.0
FR;2021-01-14;82077;1193;352353;3016;0.5;0.0
FR;2021-01-15;68532;578;420885;3594;0.6;0.0
FR;2021-01-16;20040;204;440925;3798;0.7;0.0
FR;2021-01-17;10822;130;451747;3928;0.7;0.0
FR;2021-01-18;85429;614;537176;4542;0.8;0.0
FR;2021-01-19;130098;844;667274;5386;1.0;0.0
FR;2021-01-20;137043;868;804317;6254;1.2;0.0
FR;2021-01-21;157622;969;961939;7223;1.4;0.0
FR;2021-01-22;120495;793;1082434;8016;1.6;0.0
FR;2021-01-23;38275;197;1120709;8213;1.7;0.0
FR;2021-01-24;9614;86;1130323;8299;1.7;0.0
FR;2021-01-25;77784;1527;1208107;9826;1.8;0.0
FR;2021-01-26;99971;3569;1308078;13395;1.9;0.0
FR;2021-01-27;106879;6302;1414957;19697;2.1;0.0
FR;2021-01-28;123895;15075;1538852;34772;2.3;0.1
FR;2021-01-29;91787;17702;1630639;52474;2.4;0.1
FR;2021-01-30;28953;4277;1659592;56751;2.5;0.1
FR;2021-01-31;5092;1694;1664684;58445;2.5;0.1
FR;2021-02-01;52302;21192;1716986;79637;2.6;0.1
FR;2021-02-02;71709;34796;1788695;114433;2.7;0.2
FR;2021-02-03;71839;37167;1860534;151600;2.8;0.2
FR;2021-02-04;81515;50308;1942049;201908;2.9;0.3
FR;2021-02-05;67834;45385;2009883;247293;3.0;0.4
FR;2021-02-06;22202;10517;2032085;257810;3.0;0.4
FR;2021-02-07;5037;5112;2037122;262922;3.0;0.4
FR;2021-02-08;46401;46009;2083523;308931;3.1;0.5
FR;2021-02-09;65571;72889;2149094;381820;3.2;0.6
FR;2021-02-10;70261;77211;2219355;459031;3.3;0.7
FR;2021-02-11;86655;100051;2306010;559082;3.4;0.8
FR;2021-02-12;78604;75189;2384614;634271;3.6;0.9
FR;2021-02-13;22033;19585;2406647;653856;3.6;1.0
FR;2021-02-14;4842;7231;2411489;661087;3.6;1.0
FR;2021-02-15;37574;76464;2449063;737551;3.6;1.1
FR;2021-02-16;49802;100800;2498865;838351;3.7;1.2
FR;2021-02-17;49940;103018;2548805;941369;3.8;1.4
FR;2021-02-18;69065;119027;2617870;1060396;3.9;1.6
FR;2021-02-19;64551;91358;2682421;1151754;4.0;1.7
FR;2021-02-20;18297;28425;2700718;1180179;4.0;1.8
FR;2021-02-21;3118;6406;2703836;1186585;4.0;1.8
FR;2021-02-22;37031;73097;2740867;1259682;4.1;1.9
FR;2021-02-23;53255;84553;2794122;1344235;4.2;2.0
FR;2021-02-24;59274;81736;2853396;1425971;4.3;2.1
FR;2021-02-25;99880;93191;2953276;1519162;4.4;2.3
FR;2021-02-26;112759;73279;3066035;1592441;4.6;2.4
FR;2021-02-27;51733;22977;3117768;1615418;4.6;2.4
FR;2021-02-28;5958;4569;3123726;1619987;4.7;2.4
FR;2021-03-01;64672;53999;3188398;1673986;4.8;2.5
FR;2021-03-02;100489;68558;3288887;1742544;4.9;2.6
FR;2021-03-03;115308;68281;3404195;1810825;5.1;2.7
FR;2021-03-04;162544;73606;3566739;1884431;5.3;2.8
FR;2021-03-05;199742;69344;3766481;1953775;5.6;2.9
FR;2021-03-06;207097;22898;3973578;1976673;5.9;2.9
FR;2021-03-07;120742;8646;4094320;1985319;6.1;3.0
FR;2021-03-08;106236;53715;4200556;2039034;6.3;3.0
FR;2021-03-09;171477;61543;4372033;2100577;6.5;3.1
FR;2021-03-10;177589;62158;4549622;2162735;6.8;3.2
FR;2021-03-11;241570;70476;4791192;2233211;7.1;3.3
FR;2021-03-12;293540;62321;5084732;2295532;7.6;3.4
FR;2021-03-13;230370;21028;5315102;2316560;7.9;3.5
FR;2021-03-14;62888;5416;5377990;2321976;8.0;3.5
FR;2021-03-15;157471;36885;5535461;2358861;8.2;3.5
FR;2021-03-16;140607;43161;5676068;2402022;8.5;3.6
FR;2021-03-17;149552;43022;5825620;2445044;8.7;3.6
FR;2021-03-18;166747;49547;5992367;2494591;8.9;3.7
FR;2021-03-19;228863;44255;6221230;2538846;9.3;3.8
FR;2021-03-20;165930;16248;6387160;2555094;9.5;3.8
FR;2021-03-21;49419;4320;6436579;2559414;9.6;3.8
FR;2021-03-22;168868;39384;6605447;2598798;9.8;3.9
FR;2021-03-23;249035;49610;6854482;2648408;10.2;3.9
FR;2021-03-24;255598;51136;7110080;2699544;10.6;4.0
FR;2021-03-25;340496;55159;7450576;2754703;11.1;4.1
FR;2021-03-26;357557;53010;7808133;2807713;11.6;4.2
FR;2021-03-27;194513;22899;8002646;2830612;11.9;4.2
FR;2021-03-28;58911;5722;8061557;2836334;12.0;4.2
FR;2021-03-29;202028;60488;8263585;2896822;12.3;4.3
FR;2021-03-30;284116;79288;8547701;2976110;12.7;4.4
FR;2021-03-31;261727;82824;8809428;3058934;13.1;4.6
FR;2021-04-01;313187;100549;9122615;3159483;13.6;4.7
FR;2021-04-02;279994;103064;9402609;3262547;14.0;4.9
FR;2021-04-03;140205;66654;9542814;3329201;14.2;5.0
FR;2021-04-04;45400;20580;9588214;3349781;14.3;5.0
FR;2021-04-05;59709;13538;9647923;3363319;14.4;5.0
FR;2021-04-06;215577;115771;9863500;3479090;14.7;5.2
FR;2021-04-07;258397;125802;10121897;3604892;15.1;5.4
FR;2021-04-08;335734;135902;10457631;3740794;15.6;5.6
FR;2021-04-09;408234;133031;10865865;3873825;16.2;5.8
FR;2021-04-10;211573;90661;11077438;3964486;16.5;5.9
FR;2021-04-11;55512;36974;11132950;4001460;16.6;6.0
FR;2021-04-12;235558;123991;11368508;4125451;16.9;6.1
FR;2021-04-13;307731;156916;11676239;4282367;17.4;6.4
FR;2021-04-14;292208;151960;11968447;4434327;17.8;6.6
FR;2021-04-15;334501;162572;12302948;4596899;18.3;6.8
FR;2021-04-16;337718;159664;12640666;4756563;18.8;7.1
FR;2021-04-17;187701;97489;12828367;4854052;19.1;7.2
FR;2021-04-18;51007;37727;12879374;4891779;19.2;7.3
FR;2021-04-19;204171;146946;13083545;5038725;19.5;7.5
FR;2021-04-20;252458;181805;13336003;5220530;19.9;7.8
FR;2021-04-21;251317;180295;13587320;5400825;20.2;8.0
FR;2021-04-22;285672;202360;13872992;5603185;20.7;8.3
FR;2021-04-23;295358;200915;14168350;5804100;21.1;8.6
FR;2021-04-24;189330;121674;14357680;5925774;21.4;8.8
FR;2021-04-25;68921;42478;14426601;5968252;21.5;8.9
FR;2021-04-26;219542;168905;14646143;6137157;21.8;9.1
FR;2021-04-27;282784;210421;14928927;6347578;22.2;9.5
FR;2021-04-28;297782;208333;15226709;6555911;22.7;9.8
FR;2021-04-29;355113;231139;15581822;6787050;23.2;10.1
FR;2021-04-30;370267;224008;15952089;7011058;23.8;10.4
FR;2021-05-01;165139;63610;16117228;7074668;24.0;10.5
FR;2021-05-02;90785;43400;16208013;7118068;24.1;10.6
FR;2021-05-03;285933;189752;16493946;7307820;24.6;10.9
FR;2021-05-04;312685;250214;16806631;7558034;25.0;11.3
FR;2021-05-05;323134;249274;17129765;7807308;25.5;11.6
FR;2021-05-06;375991;273321;17505756;8080629;26.1;12.0
FR;2021-05-07;370042;297909;17875798;8378538;26.6;12.5
FR;2021-05-08;220687;81880;18096485;8460418;27.0;12.6
FR;2021-05-09;128874;55256;18225359;8515674;27.2;12.7
FR;2021-05-10;308959;254364;18534318;8770038;27.6;13.1
FR;2021-05-11;400725;296259;18935043;9066297;28.2;13.5
FR;2021-05-12;430336;269147;19365379;9335444;28.9;13.9
FR;2021-05-13;335661;78206;19701040;9413650;29.4;14.0
FR;2021-05-14;450589;202823;20151629;9616473;30.0;14.3
FR;2021-05-15;371592;120130;20523221;9736603;30.6;14.5
FR;2021-05-16;201416;34111;20724637;9770714;30.9;14.6
FR;2021-05-17;373228;178889;21097865;9949603;31.4;14.8
FR;2021-05-18;455994;192405;21553859;10142008;32.1;15.1
FR;2021-05-19;464172;182879;22018031;10324887;32.8;15.4
FR;2021-05-20;503665;204432;22521696;10529319;33.6;15.7
FR;2021-05-21;486286;220991;23007982;10750310;34.3;16.0
FR;2021-05-22;345117;108051;23353099;10858361;34.8;16.2
FR;2021-05-23;160672;26869;23513771;10885230;35.0;16.2
FR;2021-05-24;261349;52988;23775120;10938218;35.4;16.3
FR;2021-05-25;397039;225967;24172159;11164185;36.0;16.6
FR;2021-05-26;410410;226320;24582569;11390505;36.6;17.0
FR;2021-05-27;446675;265796;25029244;11656301;37.3;17.4
FR;2021-05-28;426711;317416;25455955;11973717;37.9;17.8
FR;2021-05-29;297403;181897;25753358;12155614;38.4;18.1
FR;2021-05-30;106125;42037;25859483;12197651;38.5;18.2
FR;2021-05-31;355531;241490;26215014;12439141;39.1;18.5
FR;2021-06-01;422159;302705;26637173;12741846;39.7;19.0
FR;2021-06-02;412211;277853;27049384;13019699;40.3;19.4
FR;2021-06-03;458055;312743;27507439;13332442;41.0;19.9
FR;2021-06-04;451335;361487;27958774;13693929;41.7;20.4
FR;2021-06-05;302127;221730;28260901;13915659;42.1;20.7
FR;2021-06-06;131331;61010;28392232;13976669;42.3;20.8
FR;2021-06-07;334255;298991;28726487;14275660;42.8;21.3
FR;2021-06-08;389556;337490;29116043;14613150;43.4;21.8
FR;2021-06-09;380216;319869;29496259;14933019;43.9;22.2
FR;2021-06-10;398019;338352;29894278;15271371;44.5;22.8
FR;2021-06-11;383477;407079;30277755;15678450;45.1;23.4
FR;2021-06-12;281026;243067;30558781;15921517;45.5;23.7
FR;2021-06-13;103761;84866;30662542;16006383;45.7;23.8
FR;2021-06-14;237855;384450;30900397;16390833;46.0;24.4
FR;2021-06-15;304372;424087;31204769;16814920;46.5;25.1
FR;2021-06-16;310415;395008;31515184;17209928;47.0;25.6
FR;2021-06-17;314263;412753;31829447;17622681;47.4;26.3
FR;2021-06-18;318887;485366;32148334;18108047;47.9;27.0
FR;2021-06-19;222923;300649;32371257;18408696;48.2;27.4
FR;2021-06-20;73206;111464;32444463;18520160;48.3;27.6
FR;2021-06-21;193071;427399;32637534;18947559;48.6;28.2
FR;2021-06-22;220573;499341;32858107;19446900;49.0;29.0
FR;2021-06-23;231153;473582;33089260;19920482;49.3;29.7
FR;2021-06-24;239232;446393;33328492;20366875;49.7;30.3
FR;2021-06-25;224365;560802;33552857;20927677;50.0;31.2
FR;2021-06-26;151695;395155;33704552;21322832;50.2;31.8
FR;2021-06-27;55073;165021;33759625;21487853;50.3;32.0
FR;2021-06-28;152625;478342;33912250;21966195;50.5;32.7
FR;2021-06-29;180678;537424;34092928;22503619;50.8;33.5
FR;2021-06-30;201540;515881;34294468;23019500;51.1;34.3
FR;2021-07-01;224872;498093;34519340;23517593;51.4;35.0
FR;2021-07-02;223119;563301;34742459;24080894;51.8;35.9
FR;2021-07-03;140108;395423;34882567;24476317;52.0;36.5
FR;2021-07-04;55790;150958;34938357;24627275;52.1;36.7
FR;2021-07-05;164433;449822;35102790;25077097;52.3;37.4
FR;2021-07-06;193545;512038;35296335;25589135;52.6;38.1
FR;2021-07-07;208822;478139;35505157;26067274;52.9;38.8
FR;2021-07-08;228389;468561;35733546;26535835;53.2;39.5
FR;2021-07-09;226004;556684;35959550;27092519;53.6;40.4
FR;2021-07-10;146739;368736;36106289;27461255;53.8;40.9
FR;2021-07-11;59261;121024;36165550;27582279;53.9;41.1
FR;2021-07-12;166477;513446;36332027;28095725;54.1;41.9
FR;2021-07-13;284692;587169;36616719;28682894;54.6;42.7
FR;2021-07-14;178819;186945;36795538;28869839;54.8;43.0
FR;2021-07-15;343921;572718;37139459;29442557;55.3;43.9
FR;2021-07-16;377444;575527;37516903;30018084;55.9;44.7
FR;2021-07-17;258194;368919;37775097;30387003;56.3;45.3
FR;2021-07-18;108871;133420;37883968;30520423;56.4;45.5
FR;2021-07-19;283286;480416;38167254;31000839;56.9;46.2
FR;2021-07-20;374343;525327;38541597;31526166;57.4;47.0
FR;2021-07-21;393232;483126;38934829;32009292;58.0;47.7
FR;2021-07-22;438236;472762;39373065;32482054;58.7;48.4
FR;2021-07-23;436372;510756;39809437;32992810;59.3;49.2
FR;2021-07-24;284177;322344;40093614;33315154;59.7;49.6
FR;2021-07-25;120224;100346;40213838;33415500;59.9;49.8
FR;2021-07-26;345530;386134;40559368;33801634;60.4;50.4
FR;2021-07-27;461258;401354;41020626;34202988;61.1;51.0
FR;2021-07-28;456625;367420;41477251;34570408;61.8;51.5
FR;2021-07-29;486942;357334;41964193;34927742;62.5;52.0
FR;2021-07-30;459053;381194;42423246;35308936;63.2;52.6
FR;2021-07-31;284266;231277;42707512;35540213;63.6;53.0
FR;2021-08-01;109540;65584;42817052;35605797;63.8;53.1
FR;2021-08-02;335162;284785;43152214;35890582;64.3;53.5
FR;2021-08-03;393556;305079;43545770;36195661;64.9;53.9
FR;2021-08-04;381418;265850;43927188;36461511;65.5;54.3
FR;2021-08-05;362795;281739;44289983;36743250;66.0;54.7
FR;2021-08-06;356714;327185;44646697;37070435;66.5;55.2
FR;2021-08-07;211218;209811;44857915;37280246;66.8;55.5
FR;2021-08-08;72592;73508;44930507;37353754;66.9;55.7
FR;2021-08-09;256070;298458;45186577;37652212;67.3;56.1
FR;2021-08-10;302858;324766;45489435;37976978;67.8;56.6
FR;2021-08-11;276541;302556;45765976;38279534;68.2;57.0
FR;2021-08-12;268716;320645;46034692;38600179;68.6;57.5
FR;2021-08-13;249838;314167;46284530;38914346;69.0;58.0
FR;2021-08-14;144084;219865;46428614;39134211;69.2;58.3
FR;2021-08-15;37631;55571;46466245;39189782;69.2;58.4
FR;2021-08-16;183961;346582;46650206;39536364;69.5;58.9
FR;2021-08-17;213052;370175;46863258;39906539;69.8;59.5
FR;2021-08-18;196663;355250;47059921;40261789;70.1;60.0
FR;2021-08-19;189970;356277;47249891;40618066;70.4;60.5
FR;2021-08-20;183747;395845;47433638;41013911;70.7;61.1
FR;2021-08-21;103771;254499;47537409;41268410;70.8;61.5
FR;2021-08-22;31456;92152;47568865;41360562;70.9;61.6
FR;2021-08-23;139359;379972;47708224;41740534;71.1;62.2
FR;2021-08-24;160821;403665;47869045;42144199;71.3;62.8
FR;2021-08-25;149099;376148;48018144;42520347;71.5;63.4
FR;2021-08-26;141063;368246;48159207;42888593;71.8;63.9
FR;2021-08-27;146412;415273;48305619;43303866;72.0;64.5
FR;2021-08-28;89707;265520;48395326;43569386;72.1;64.9
FR;2021-08-29;26865;88342;48422191;43657728;72.1;65.0
FR;2021-08-30;115690;341779;48537881;43999507;72.3;65.6
FR;2021-08-31;127442;353494;48665323;44353001;72.5;66.1
FR;2021-09-01;121599;301607;48786922;44654608;72.7;66.5
FR;2021-09-02;103398;261819;48890320;44916427;72.8;66.9
FR;2021-09-03;113308;308928;49003628;45225355;73.0;67.4
FR;2021-09-04;87871;230224;49091499;45455579;73.1;67.7
FR;2021-09-05;20784;48325;49112283;45503904;73.2;67.8
FR;2021-09-06;69294;190762;49181577;45694666;73.3;68.1
FR;2021-09-07;73635;190989;49255212;45885655;73.4;68.4
FR;2021-09-08;84070;216497;49339282;46102152;73.5;68.7
FR;2021-09-09;71186;173708;49410468;46275860;73.6;69.0
FR;2021-09-10;89590;214360;49500058;46490220;73.8;69.3
FR;2021-09-11;64206;177790;49564264;46668010;73.8;69.5
FR;2021-09-12;12221;34095;49576485;46702105;73.9;69.6
FR;2021-09-13;57575;134077;49634060;46836182;74.0;69.8
FR;2021-09-14;69243;135667;49703303;46971849;74.1;70.0
FR;2021-09-15;71386;174017;49774689;47145866;74.2;70.2
FR;2021-09-16;60076;116846;49834765;47262712;74.3;70.4
FR;2021-09-17;71280;158902;49906045;47421614;74.4;70.7
FR;2021-09-18;45985;143708;49952030;47565322;74.4;70.9
FR;2021-09-19;7350;24904;49959380;47590226;74.4;70.9
FR;2021-09-20;39613;95776;49998993;47686002;74.5;71.1
FR;2021-09-21;43326;98156;50042319;47784158;74.6;71.2
FR;2021-09-22;45627;143359;50087946;47927517;74.6;71.4
FR;2021-09-23;40777;89553;50128723;48017070;74.7;71.5
FR;2021-09-24;49677;130510;50178400;48147580;74.8;71.7
FR;2021-09-25;32633;117666;50211033;48265246;74.8;71.9
FR;2021-09-26;5062;18574;50216095;48283820;74.8;71.9
FR;2021-09-27;31874;78174;50247969;48361994;74.9;72.1
FR;2021-09-28;34467;73205;50282436;48435199;74.9;72.2
FR;2021-09-29;42162;102019;50324598;48537218;75.0;72.3
FR;2021-09-30;33909;68582;50358507;48605800;75.0;72.4
FR;2021-10-01;44984;96814;50403491;48702614;75.1;72.6
FR;2021-10-02;35080;80692;50438571;48783306;75.2;72.7
FR;2021-10-03;4748;11268;50443319;48794574;75.2;72.7
FR;2021-10-04;27409;58116;50470728;48852690;75.2;72.8
FR;2021-10-05;28590;61239;50499318;48913929;75.2;72.9
FR;2021-10-06;38204;79042;50537522;48992971;75.3;73.0
FR;2021-10-07;27511;58146;50565033;49051117;75.3;73.1
FR;2021-10-08;42607;88424;50607640;49139541;75.4;73.2
FR;2021-10-09;31523;63039;50639163;49202580;75.5;73.3
FR;2021-10-10;3658;7377;50642821;49209957;75.5;73.3
